Length	X1	Y1	X2	Y2	theta	wind vec 
189.225873	5177126.189	-461725.7583	5177109.716	-461537.2508	-85.00586359	175.0058636
211.760081	5176602.353	-461352.0505	5176595.764	-461140.393	-88.21689581	178.2168958
175.557344	5177445.762	-461639.7725	5177455.646	-461464.4936	86.77259941	183.2274006
150.128781	5178292.465	-461815.0514	5178312.232	-461666.2297	82.43391978	187.5660802
226.065542	5176094.991	-460948.5783	5176118.052	-460723.6922	84.14481717	185.8551828
162.351437	5175801.774	-461067.6357	5175811.658	-460905.5854	86.50976848	183.4902315
205.703879	5175821.542	-461259.4503	5175838.014	-461054.4071	85.40682093	184.5931791
192.266809	5175887.433	-461457.8793	5175874.255	-461266.0646	-86.06977855	176.0697785
215.191789	5176088.401	-461375.2005	5176098.285	-461160.2358	87.36749707	182.6325029
168.953947	5176286.075	-461709.2226	5176276.192	-461540.558	-86.64632154	176.6463215
228.573496	5176411.269	-461057.7142	5176424.447	-460829.5209	86.69481535	183.3051847
95.428748	5176757.198	-462013.4803	5176780.26	-461920.8801	76.01506914	193.9849309
178.931464	5176569.408	-461924.1873	5176618.826	-461752.2155	73.96726069	196.0327393
281.126979	5176437.625	-461669.5368	5176434.331	-461388.4291	-89.32852664	179.3285266
144.065268	5177462.235	-462327.6595	5177485.297	-462185.4521	80.78846366	189.2115363
103.550462	5177066.887	-462641.8386	5177096.538	-462542.6242	73.36078202	196.639218
232.808056	5177228.321	-462916.332	5177274.445	-462688.1387	78.5729648	191.4270352
193.196047	5177037.236	-463071.768	5177060.298	-462879.9534	83.14421394	186.8557861
168.664604	5176882.391	-463180.9039	5176882.391	-463012.2393	90	180
91.454874	5176714.369	-463286.7327	5176734.136	-463197.4397	77.51736897	192.482631
176.390032	5176480.455	-462883.2605	5176500.222	-462707.9816	83.56555368	186.4344463
287.307689	5176315.726	-462704.6745	5176427.742	-462440.1025	67.05303903	202.946961
236.623174	5175926.968	-462588.9243	5175989.564	-462360.731	74.66026943	195.3397306
142.753978	5176164.176	-463147.8325	5176197.122	-463008.9322	76.65664032	193.3433597
153.018115	5175485.496	-462926.2535	5175501.969	-462774.1246	83.81997584	186.1800242
147.882228	5175020.963	-462919.6392	5175047.319	-462774.1246	79.73352922	190.2664708
131.966889	5174816.7	-463088.3038	5174866.118	-462965.9393	68.00805267	201.9919473
121.270402	5176717.663	-463786.1122	5176740.725	-463667.0549	79.03731493	190.9626851
160.385008	5176984.523	-463551.3046	5177024.058	-463395.8686	75.72955312	194.2704469
172.475942	5177425.995	-463372.7186	5177439.173	-463200.7468	85.61797026	184.3820297
